2 2
36 2
70 2
104 2
138 2
172 2
206 2
240 2
2 36
36 36
70 36
104 36
138 36
172 36
206 36
240 36
2 70
36 70
70 70
104 70
138 70
172 70
206 70
240 70
2 104
36 104
70 104
104 104
138 104
172 104
206 104
240 104
2 138
36 138
70 138
104 138
138 138
172 138
206 138
240 138
2 172
36 172
70 172
104 172
138 172
172 172
206 172
240 172
2 206
36 206
70 206
104 206
138 206
172 206
206 206
240 206
2 240
36 240
70 240
104 240
138 240
172 240
206 240
240 240